50
3
1 2 3
2 3 5
3 5 6
2 3 4
1 2 3
4
6 36 50 67
30 73 93 110
20 50 72 96
1 25 28 50
1 6 20 30
50 67 96 110
25 36 50 73
7
36 37 38 39 40 41 42
1 8 15 22 29 36 43
29 30 31 32 33 34 35
43 44 45 46 47 48 49
22 23 24 25 26 27 28
2 9 16 23 30 37 44
15 16 17 18 19 20 21
7 14 21 28 35 42 49
1 2 3 4 5 6 7
4 11 18 25 32 39 46
5 12 19 26 33 40 47
8 9 10 11 12 13 14
6 13 20 27 34 41 48
10
5 9 13 16 20 25 27 32 35 36
7 12 14 19 22 26 28 33 36 39
14 16 19 23 27 29 30 31 35 36
28 32 33 34 38 39 42 50 55 58
18 20 22 27 29 31 35 38 41 44
25 29 33 35 41 46 51 55 56 61
22 27 29 31 38 43 47 50 53 57
3 5 7 11 13 16 20 22 25 27
16 18 24 29 31 35 37 39 48 49
32 35 36 40 44 48 51 53 56 61
10 13 14 17 21 24 27 29 33 34
24 27 28 33 36 37 41 47 51 54
20 24 27 30 35 39 41 42 51 53
7 9 12 14 16 18 24 27 29 33
27 33 34 36 44 50 54 58 61 65
13 16 21 27 29 32 36 38 44 47
33 36 39 42 47 49 53 57 61 65
21 25 26 30 32 35 39 43 46 50
3 7 10 14 18 21 24 28 32 33
10
3 4 5 6 7 8 9 10 11 12
5 6 7 8 9 10 11 12 13 14
10 11 12 13 14 15 16 17 18 19
4 5 6 7 8 9 10 11 12 13
6 7 8 9 10 11 12 13 14 15
5 6 7 8 9 10 11 12 13 14
1 2 3 4 5 6 7 8 9 10
10 11 12 13 14 15 16 17 18 19
9 10 11 12 13 14 15 16 17 18
8 9 10 11 12 13 14 15 16 17
1 2 3 4 5 6 7 8 9 10
9 10 11 12 13 14 15 16 17 18
2 3 4 5 6 7 8 9 10 11
6 7 8 9 10 11 12 13 14 15
2 3 4 5 6 7 8 9 10 11
7 8 9 10 11 12 13 14 15 16
7 8 9 10 11 12 13 14 15 16
8 9 10 11 12 13 14 15 16 17
3 4 5 6 7 8 9 10 11 12
4
5 7 10 15
5 9 14 18
7 14 18 19
15 24 26 31
9 14 19 24
10 19 22 24
18 19 24 31
7
26 30 34 36 40 44 48
1 6 10 12 17 22 26
10 11 14 17 23 28 29
10 19 28 29 36 38 44
22 24 26 33 37 38 42
6 14 17 21 28 33 36
17 21 24 28 33 36 38
1 2 3 6 8 10 13
13 22 29 30 38 42 48
8 18 23 27 33 37 40
6 9 10 14 18 19 22
2 9 11 17 21 24 30
12 17 20 21 27 29 30
7
5 6 7 8 9 10 11
4 5 6 7 8 9 10
7 8 9 10 11 12 13
7 8 9 10 11 12 13
2 3 4 5 6 7 8
2 3 4 5 6 7 8
3 4 5 6 7 8 9
4 5 6 7 8 9 10
1 2 3 4 5 6 7
1 2 3 4 5 6 7
6 7 8 9 10 11 12
6 7 8 9 10 11 12
3 4 5 6 7 8 9
8
3 5 8 10 11 13 15 16
13 15 17 18 21 22 24 27
4 5 7 8 9 11 12 15
2 4 6 7 8 10 12 13
13 16 19 21 22 23 25 27
8 11 13 15 16 17 19 21
2 3 5 7 8 9 11 13
11 12 15 17 19 21 23 25
6 8 9 10 12 14 15 17
7 8 10 13 15 16 18 21
7 10 12 13 14 15 17 18
10 13 15 16 18 20 21 22
5 7 9 12 13 15 17 19
8 9 12 14 16 18 19 22
12 15 17 18 19 22 23 24
6
2 4 5 6 7 9
9 13 14 17 19 21
11 13 15 17 18 21
3 5 7 9 11 13
5 7 9 10 12 14
9 11 12 15 16 19
5 7 9 11 12 15
7 11 12 15 16 18
4 5 7 9 11 13
7 9 11 13 15 17
6 9 10 13 15 17
10
5 6 7 9 10 12 14 16 18 20
13 14 18 19 20 22 25 26 29 31
4 6 7 9 11 14 15 17 19 20
14 16 20 22 23 25 26 28 30 33
10 12 14 15 17 18 20 24 26 27
6 9 10 13 14 16 17 20 22 24
1 3 5 6 8 10 11 12 14 15
5 7 9 11 13 15 16 18 20 21
3 4 6 7 9 10 12 13 14 16
12 13 16 17 19 21 23 25 27 28
10 12 14 15 16 17 18 21 22 25
6 8 9 11 13 14 15 17 19 22
12 14 17 18 20 22 24 25 26 28
14 16 19 20 22 23 26 27 29 30
15 18 20 21 24 26 27 28 31 33
1 3 4 5 6 8 10 12 13 14
8 10 11 13 14 16 17 19 20 23
3 4 6 8 10 12 13 14 16 18
8 10 12 14 16 17 18 22 23 26
6
7 11 14 18 20 22
16 18 22 24 28 35
5 9 12 13 16 18
12 16 20 23 27 31
3 9 11 15 19 21
7 12 14 17 23 26
1 3 7 9 12 16
11 15 17 19 23 24
17 21 26 30 31 35
13 19 23 26 27 28
1 5 7 11 13 17
4
7 10 12 13
3 5 6 11
3 5 6 12
1 2 3 7
2 4 5 10
2 4 5 9
1 2 3 8
4
5 6 10 12
3 4 5 6
4 5 8 9
3 4 7 8
4 5 6 7
8 9 12 16
6 7 13 16
2
3 8
2 4
2 3
6
5 13 14 18 19 21
2 6 7 11 12 15
2 4 5 6 9 12
9 19 20 22 25 26
15 20 21 23 26 30
12 18 19 22 25 27
6 15 19 20 22 23
6 9 13 15 19 20
4 9 12 16 18 20
12 20 21 23 27 30
11 16 18 20 22 23
2
4 8
2 6
6 8
5
13 15 23 27 31
10 11 19 25 30
5 10 16 21 23
16 21 25 27 29
13 16 19 23 27
4 5 10 13 14
14 20 27 29 36
19 23 30 31 36
8 10 11 15 20
10
78 99 111 134 155 193 202 228 245 252
107 130 152 174 206 216 231 255 269 291
62 71 77 98 116 134 155 181 206 209
25 40 54 64 71 104 110 129 158 165
72 96 107 118 134 173 188 209 221 222
148 165 178 195 205 222 252 276 291 298
34 54 69 79 99 107 111 124 152 177
80 104 128 142 157 173 193 209 216 228
8 25 35 37 47 72 78 97 107 128
47 86 99 115 116 157 175 181 203 205
35 53 69 73 77 128 140 153 174 178
111 129 153 174 181 209 228 249 255 280
45 64 73 94 115 118 134 158 174 197
97 110 124 158 181 209 216 249 268 276
8 28 34 45 62 80 104 111 133 148
28 40 53 65 86 96 99 110 130 145
133 158 174 191 203 221 245 268 269 292
104 110 140 161 175 188 202 216 231 242
37 65 79 94 98 142 161 174 191 195
2
2 4
2 6
6 8
2
2 6
4 8
2 4
7
2 4 5 6 7 10 13
2 3 4 7 10 13 14
10 14 15 18 22 24 26
6 10 13 14 18 21 23
13 16 20 22 26 29 30
4 8 9 13 16 18 20
7 13 16 19 22 23 24
13 15 17 21 23 26 29
7 11 13 14 19 20 22
5 8 9 13 15 17 20
10 14 18 20 24 26 28
4 5 8 11 14 15 18
3 5 8 10 13 14 16
7
1 2 3 4 5 6 23
22 24 27 29 31 32 34
5 10 14 17 19 20 31
1 2 3 4 5 6 22
6 11 15 18 20 21 33
2 7 8 9 10 11 25
3 8 12 13 14 15 26
23 25 26 28 30 33 34
5 10 14 17 19 20 30
2 7 8 9 10 11 24
6 11 15 18 20 21 32
3 8 12 13 14 15 27
4 9 13 16 17 18 29
7
5 7 9 12 13 15 17
11 12 15 16 18 21 23
6 7 9 10 11 12 15
13 15 17 19 20 23 25
4 6 7 9 10 11 13
10 11 12 17 19 21 23
3 6 7 10 11 12 15
11 13 15 18 21 23 25
10 11 13 15 17 19 21
2 3 5 6 8 10 11
6 9 10 13 15 16 19
8 10 12 13 15 17 18
8 10 11 15 17 18 20
10
13 14 24 26 29 34 36 39 40 41
18 20 23 29 31 36 39 42 45 46
8 10 16 19 22 24 27 29 31 32
6 7 9 10 11 13 14 19 20 23
7 9 13 14 16 17 18 23 26 28
18 20 27 28 32 38 41 45 46 47
11 14 16 22 23 28 29 31 32 36
23 24 28 32 34 39 41 46 47 50
10 12 14 19 22 25 26 27 28 33
12 13 21 25 28 31 34 36 38 39
10 11 19 22 23 26 28 31 32 34
3 6 9 10 11 13 15 18 21 23
13 16 17 24 26 31 34 35 38 39
16 19 25 27 31 35 39 42 43 46
9 11 13 16 19 21 24 25 27 30
3 5 7 8 10 12 13 16 18 21
21 22 26 31 32 38 40 43 46 47
5 7 11 12 14 16 17 20 22 24
15 17 18 27 28 34 36 39 41 43
10
8 16 23 29 34 38 41 43 44 60
4 12 19 25 26 27 28 29 30 53
3 11 18 19 20 21 22 23 24 50
3 11 18 19 20 21 22 23 24 51
7 15 22 28 33 37 40 41 42 59
7 15 22 28 33 37 40 41 42 58
6 14 21 27 32 36 37 38 39 57
6 14 21 27 32 36 37 38 39 56
1 2 3 4 5 6 7 8 9 47
1 2 3 4 5 6 7 8 9 46
8 16 23 29 34 38 41 43 44 61
2 10 11 12 13 14 15 16 17 48
9 17 24 30 35 39 42 44 45 63
47 49 50 52 54 57 58 60 62 64
9 17 24 30 35 39 42 44 45 62
4 12 19 25 26 27 28 29 30 52
2 10 11 12 13 14 15 16 17 49
46 48 51 53 55 56 59 61 63 64
5 13 20 26 31 32 33 34 35 54
2
6 8
4 8
2 4
2
22 222
2 22
2 22
5
7 9 11 14 15
3 5 6 8 9
5 6 8 9 12
2 4 5 6 7
4 6 8 10 11
2 3 4 5 6
6 10 12 13 15
4 5 6 8 10
5 8 9 12 14
7
29 70 101 114 127 129 149
38 50 70 89 109 129 133
52 89 104 121 139 164 183
20 50 76 79 111 120 136
17 20 29 52 73 76 84
73 109 110 138 154 187 200
108 120 129 164 187 196 201
72 79 114 121 138 150 156
93 111 127 139 154 164 180
84 133 154 156 180 201 227
58 76 101 104 110 146 154
17 38 58 72 93 108 126
126 136 149 183 200 214 227
6
5 9 12 15 19 23
8 12 13 18 22 26
4 9 12 15 17 18
11 17 23 27 29 33
9 15 19 22 24 30
7 15 18 22 27 28
14 18 24 28 31 35
2 5 8 9 11 14
10 19 22 24 29 31
2 4 5 7 10 12
12 23 26 30 33 35
4
4 8 12 16
9 10 11 12
13 14 15 16
1 2 3 4
1 5 9 13
5 6 7 8
2 6 10 14
4
5 7 8 10
3 6 7 9
2 3 5 6
4 6 7 8
5 7 8 9
6 8 9 11
2 4 5 7
4
3 4 5 6
2 3 4 5
4 5 6 7
3 4 5 6
1 2 3 4
2 3 4 5
4 5 6 7
9
6 9 10 13 15 16 18 19 22
3 5 8 9 12 15 17 18 21
17 24 26 28 33 35 36 41 42
11 14 16 17 19 21 24 26 27
16 21 23 26 30 33 34 38 40
13 15 16 20 21 26 29 33 35
5 8 10 12 16 20 21 23 26
13 17 20 22 23 26 29 32 33
3 5 9 11 14 17 19 21 24
14 19 21 25 27 29 32 35 36
2 3 6 8 11 13 14 16 17
10 12 15 18 19 23 27 30 33
8 11 12 15 18 20 21 23 25
17 18 19 23 26 32 35 38 41
18 21 22 25 27 33 36 40 42
14 17 18 21 24 29 32 34 36
7 9 13 15 17 22 25 26 28
3
2 3 4
3 4 5
1 2 3
2 3 4
3 4 5
10
31 32 33 34 35 36 37 38 39 40
51 52 53 54 55 56 57 58 59 60
1 2 3 4 5 6 7 8 9 10
6 16 26 36 46 56 66 76 86 96
21 22 23 24 25 26 27 28 29 30
71 72 73 74 75 76 77 78 79 80
10 20 30 40 50 60 70 80 90 100
9 19 29 39 49 59 69 79 89 99
61 62 63 64 65 66 67 68 69 70
8 18 28 38 48 58 68 78 88 98
7 17 27 37 47 57 67 77 87 97
1 11 21 31 41 51 61 71 81 91
41 42 43 44 45 46 47 48 49 50
4 14 24 34 44 54 64 74 84 94
3 13 23 33 43 53 63 73 83 93
2 12 22 32 42 52 62 72 82 92
11 12 13 14 15 16 17 18 19 20
91 92 93 94 95 96 97 98 99 100
81 82 83 84 85 86 87 88 89 90
6
3 7 9 11 14 17
9 12 15 18 21 25
11 17 19 22 25 28
7 11 14 15 18 20
6 8 10 14 17 19
8 14 17 19 21 24
6 9 10 12 15 16
7 10 12 15 19 22
4 7 8 10 12 13
1 3 6 7 9 11
1 4 6 7 8 11
2
3 6
6 8
3 4
6
9 10 14 15 18 21
12 14 17 18 20 23
4 6 8 10 12 15
10 13 14 15 18 21
7 9 11 14 16 18
7 8 11 14 17 18
13 16 18 21 24 25
11 12 16 18 20 24
3 4 7 10 12 13
3 5 7 9 11 12
5 6 9 13 14 16
3
3 5 7
5 7 8
6 8 11
7 8 11
5 7 8
4
4 5 7 9
4 5 7 8
5 7 9 11
6 9 11 13
2 4 5 6
5 7 9 11
7 8 11 13
6
8 11 13 18 19 23
4 8 9 12 15 16
12 16 18 22 26 33
9 14 16 19 24 29
7 11 14 16 21 23
4 7 12 16 17 20
12 13 16 18 22 25
16 23 25 27 32 37
15 21 22 25 30 36
20 23 29 33 36 37
17 19 24 26 30 32
4
9 10 14 16
12 17 21 24
5 7 10 17
13 14 16 24
6 7 11 14
2 6 9 12
9 11 14 21
2
22 222
2 22
22 222
7
3 5 9 10 12 14 15
9 13 15 16 20 22 24
2 4 7 8 10 11 13
8 11 14 15 19 22 24
1 3 5 6 7 8 9
5 8 12 13 16 18 20
1 2 3 4 5 7 8
7 10 12 14 16 18 19
4 7 10 12 14 15 16
8 11 14 15 18 20 22
5 7 9 10 12 13 14
7 9 13 14 18 20 22
3 4 5 7 8 9 11
7
4 5 10 12 16 18 19
17 21 28 30 35 40 42
14 19 23 26 31 34 38
12 16 19 26 30 31 36
5 8 13 19 21 24 28
4 6 10 14 17 18 21
18 24 31 34 40 43 48
10 14 18 23 28 30 32
10 13 18 19 26 31 33
21 28 32 36 43 48 50
18 24 30 31 38 43 48
6 8 14 16 21 24 26
16 21 26 31 35 38 43
4
2 4 5 7
4 5 6 7
2 3 4 5
5 7 9 12
3 5 6 9
5 6 7 9
7 9 10 12
3
3 4 5
1 2 3
3 4 5
1 2 3
2 3 4
3
3 4 5
2 3 4
1 2 3
2 3 4
1 2 3
